T
NaN
-0.2
0
0
0
0
0
0
0
0
0
0
0
0
0
0
0
0
0
0
0
0
0
0
0
-6.2450045135165e-17
-0.0714285714285714
1.2490009027033e-16
-6.2450045135165e-17
0.166666666666667
1.2490009027033e-16
1.2490009027033e-16
0
0
0
-0.0714285714285714
-6.2450045135165e-17
0.25
1.2490009027033e-16
-0.2
-0.2
-0.2
1.2490009027033e-16
1.2490009027033e-16
1.2490009027033e-16
1.2490009027033e-16
1.2490009027033e-16
-0.0714285714285714
0
-6.2450045135165e-17
0
1.2490009027033e-16
1.2490009027033e-16
-0.0714285714285714
1.2490009027033e-16
-0.2
0
0
0
-0.0714285714285714
-6.2450045135165e-17
1.2490009027033e-16
-6.2450045135165e-17
-0.125
-6.2450045135165e-17
0
1.2490009027033e-16
1.2490009027033e-16
1.2490009027033e-16
1.2490009027033e-16
0
0
0
-0.0714285714285714
NaN
-0.2
0.166666666666667
-0.125
0.166666666666667
0.166666666666667
0.166666666666667
0.166666666666667
0.166666666666667
0.166666666666667
-0.125
0
0
-6.2450045135165e-17
0
0
0
0
-6.2450045135165e-17
-6.2450045135165e-17
0
0
0
-6.2450045135165e-17
0
-0.0714285714285714
0
-0.2
-0.0714285714285714
-0.2
-0.2
-0.0714285714285714
0
-6.2450045135165e-17
0
0
-6.2450045135165e-17
0
0
0
0
0
0
0
0
0
0
0
-0.2
0
0
0
0
0
1.2490009027033e-16
0
0
0
-6.2450045135165e-17
0
-6.2450045135165e-17
-6.2450045135165e-17
0.166666666666667
-0.2
-0.0714285714285714
0.5
0.166666666666667
-0.0714285714285714
-6.2450045135165e-17
1.2490009027033e-16
-0.0714285714285714
0
-6.2450045135165e-17
-0.0714285714285714
-0.125
-0.125
-0.2
-0.0714285714285714
0.166666666666667
-0.125
-0.125
-6.2450045135165e-17
1.2490009027033e-16
0
-6.2450045135165e-17
-0.125
-6.2450045135165e-17
1.2490009027033e-16
-0.125
-6.2450045135165e-17
0.166666666666667
0.166666666666667
-6.2450045135165e-17
-6.2450045135165e-17
0
0
0
0
0
-0.0714285714285714
-6.2450045135165e-17
0.25
0.25
1.2490009027033e-16
1.2490009027033e-16
-0.2
0.166666666666667
1.2490009027033e-16
0.166666666666667
0.166666666666667
-6.2450045135165e-17
0
0
0
0
0
0
0
0
0
0
0
0
0
0
0
-0.125
-0.0714285714285714
0
0
0
-0.125
0
1.2490009027033e-16
-0.2
0
0.166666666666667
0
0
0
0
0
0
-0.2
1.2490009027033e-16
1.2490009027033e-16
-6.2450045135165e-17
-6.2450045135165e-17
0
0
0
0
0
0
0
0
0
0
0
0
0
0
0
-6.2450045135165e-17
0
0.25
0.25
0.25
1.2490009027033e-16
1.2490009027033e-16
-0.125
0
0
0
0
-6.2450045135165e-17
0
-6.2450045135165e-17
-6.2450045135165e-17
-6.2450045135165e-17
0
0
0
0
0
0
0
0
0
0
-0.0714285714285714
-6.2450045135165e-17
-6.2450045135165e-17
-6.2450045135165e-17
-6.2450045135165e-17
-6.2450045135165e-17
-0.0714285714285714
-0.2
0.0999999999999999
0.0999999999999999
0.0999999999999999
0.0999999999999999
1.2490009027033e-16
1.2490009027033e-16
1.2490009027033e-16
1.2490009027033e-16
1.2490009027033e-16
1.2490009027033e-16
1.2490009027033e-16
0
1.2490009027033e-16
0
-6.2450045135165e-17
-6.2450045135165e-17
0
0
0
-6.2450045135165e-17
0
0
0
-0.125
0
0
0
0
0
0
0
0
1.2490009027033e-16
0.166666666666667
-0.0714285714285714
NaN
1.2490009027033e-16
-0.0714285714285714
0
0
0
0
0
0
0
0
0
0
0
-6.2450045135165e-17
-0.2
0
0
0
0
0
0
0
0
-6.2450045135165e-17
-6.2450045135165e-17
0
0
0
0
0
-6.2450045135165e-17
0.166666666666667
-6.2450045135165e-17
0.0999999999999999
-0.0714285714285714
0.25
-0.125
-0.0714285714285714
-0.0714285714285714
-6.2450045135165e-17
0.25
-0.125
-0.0714285714285714
-0.2
-0.125
1.2490009027033e-16
-0.2
1.2490009027033e-16
NaN
1.2490009027033e-16
-0.2
-0.125
1.2490009027033e-16
1.2490009027033e-16
-0.125
-6.2450045135165e-17
-0.0714285714285714
-0.125
-0.125
-6.2450045135165e-17
0
0
-6.2450045135165e-17
-6.2450045135165e-17
0
0
0
0
0
-0.0714285714285714
0
0
0
0
0
0
0
-6.2450045135165e-17
1.2490009027033e-16
1.2490009027033e-16
1.2490009027033e-16
1.2490009027033e-16
-0.2
1.2490009027033e-16
0.25
-0.0714285714285714
1.2490009027033e-16
-6.2450045135165e-17
0
0
0
0
0
-0.125
-0.125
-0.166666666666667
-0.166666666666667
0.166666666666667
-0.0714285714285714
0.166666666666667
0.166666666666667
1.2490009027033e-16
-0.125
-0.125
-0.125
-0.125
-0.125
-0.0714285714285714
-0.125
1.2490009027033e-16
1.2490009027033e-16
-0.2
-0.0714285714285714
0
0
0
-0.2
-0.0714285714285714
-0.125
1.2490009027033e-16
0
-0.2
-0.125
-0.125
-6.2450045135165e-17
-0.166666666666667
-0.125
0
0
-6.2450045135165e-17
0
1.2490009027033e-16
-6.2450045135165e-17
1.2490009027033e-16
-0.0714285714285714
-0.2
1.2490009027033e-16
1.2490009027033e-16
-0.0714285714285714
-0.2
-0.2
-0.2
-0.2
-0.2
1.2490009027033e-16
1.2490009027033e-16
-0.0714285714285714
